0.000000000000000000e+00
1.000000000000000000e+00
4.000000000000000000e+00
9.000000000000000000e+00
1.600000000000000000e+01
2.500000000000000000e+01
3.600000000000000000e+01
4.900000000000000000e+01
6.400000000000000000e+01
8.100000000000000000e+01
1.000000000000000000e+02
1.210000000000000000e+02
1.440000000000000000e+02
1.690000000000000000e+02
1.960000000000000000e+02
2.250000000000000000e+02
2.560000000000000000e+02
2.890000000000000000e+02
3.240000000000000000e+02
3.610000000000000000e+02
4.000000000000000000e+02
4.410000000000000000e+02
4.840000000000000000e+02
5.290000000000000000e+02
5.760000000000000000e+02
6.250000000000000000e+02
6.760000000000000000e+02
7.290000000000000000e+02
7.840000000000000000e+02
8.410000000000000000e+02
9.000000000000000000e+02
9.610000000000000000e+02
1.024000000000000000e+03
1.089000000000000000e+03
1.156000000000000000e+03
1.225000000000000000e+03
1.296000000000000000e+03
1.369000000000000000e+03
1.444000000000000000e+03
1.521000000000000000e+03
1.600000000000000000e+03
1.681000000000000000e+03
1.764000000000000000e+03
1.849000000000000000e+03
1.936000000000000000e+03
2.025000000000000000e+03
2.116000000000000000e+03
2.209000000000000000e+03
2.304000000000000000e+03
2.401000000000000000e+03
2.500000000000000000e+03
2.601000000000000000e+03
2.704000000000000000e+03
2.809000000000000000e+03
2.916000000000000000e+03
3.025000000000000000e+03
3.136000000000000000e+03
3.249000000000000000e+03
3.364000000000000000e+03
3.481000000000000000e+03
3.600000000000000000e+03
3.721000000000000000e+03
3.844000000000000000e+03
3.969000000000000000e+03
4.096000000000000000e+03
4.225000000000000000e+03
4.356000000000000000e+03
4.489000000000000000e+03
4.624000000000000000e+03
4.761000000000000000e+03
4.900000000000000000e+03
5.041000000000000000e+03
5.184000000000000000e+03
5.329000000000000000e+03
5.476000000000000000e+03
5.625000000000000000e+03
5.776000000000000000e+03
5.929000000000000000e+03
6.084000000000000000e+03
6.241000000000000000e+03
6.400000000000000000e+03
6.561000000000000000e+03
6.724000000000000000e+03
6.889000000000000000e+03
7.056000000000000000e+03
7.225000000000000000e+03
7.396000000000000000e+03
7.569000000000000000e+03
7.744000000000000000e+03
7.921000000000000000e+03
8.100000000000000000e+03
8.281000000000000000e+03
8.464000000000000000e+03
8.649000000000000000e+03
8.836000000000000000e+03
9.025000000000000000e+03
9.216000000000000000e+03
9.409000000000000000e+03
9.604000000000000000e+03
9.801000000000000000e+03
1.000000000000000000e+04
1.020100000000000000e+04
1.040400000000000000e+04
1.060900000000000000e+04
1.081600000000000000e+04
1.102500000000000000e+04
1.123600000000000000e+04
1.144900000000000000e+04
1.166400000000000000e+04
1.188100000000000000e+04
1.210000000000000000e+04
1.232100000000000000e+04
1.254400000000000000e+04
1.276900000000000000e+04
1.299600000000000000e+04
1.322500000000000000e+04
1.345600000000000000e+04
1.368900000000000000e+04
1.392400000000000000e+04
1.416100000000000000e+04
1.440000000000000000e+04
1.464100000000000000e+04
1.488400000000000000e+04
1.512900000000000000e+04
1.537600000000000000e+04
1.562500000000000000e+04
1.587600000000000000e+04
1.612900000000000000e+04
1.638400000000000000e+04
1.664100000000000000e+04
1.690000000000000000e+04
1.716100000000000000e+04
1.742400000000000000e+04
1.768900000000000000e+04
1.795600000000000000e+04
1.822500000000000000e+04
1.849600000000000000e+04
1.876900000000000000e+04
1.904400000000000000e+04
1.932100000000000000e+04
1.960000000000000000e+04
1.988100000000000000e+04
2.016400000000000000e+04
2.044900000000000000e+04
2.073600000000000000e+04
2.102500000000000000e+04
2.131600000000000000e+04
2.160900000000000000e+04
2.190400000000000000e+04
2.220100000000000000e+04
2.250000000000000000e+04
2.280100000000000000e+04
2.310400000000000000e+04
2.340900000000000000e+04
2.371600000000000000e+04
2.402500000000000000e+04
2.433600000000000000e+04
2.464900000000000000e+04
2.496400000000000000e+04
2.528100000000000000e+04
2.560000000000000000e+04
2.592100000000000000e+04
2.624400000000000000e+04
2.656900000000000000e+04
2.689600000000000000e+04
2.722500000000000000e+04
2.755600000000000000e+04
2.788900000000000000e+04
2.822400000000000000e+04
2.856100000000000000e+04
2.890000000000000000e+04
2.924100000000000000e+04
2.958400000000000000e+04
2.992900000000000000e+04
3.027600000000000000e+04
3.062500000000000000e+04
3.097600000000000000e+04
3.132900000000000000e+04
3.168400000000000000e+04
3.204100000000000000e+04
3.240000000000000000e+04
3.276100000000000000e+04
3.312400000000000000e+04
3.348900000000000000e+04
3.385600000000000000e+04
3.422500000000000000e+04
3.459600000000000000e+04
3.496900000000000000e+04
3.534400000000000000e+04
3.572100000000000000e+04
3.610000000000000000e+04
3.648100000000000000e+04
3.686400000000000000e+04
3.724900000000000000e+04
3.763600000000000000e+04
3.802500000000000000e+04
3.841600000000000000e+04
3.880900000000000000e+04
3.920400000000000000e+04
3.960100000000000000e+04
4.000000000000000000e+04
4.040100000000000000e+04
4.080400000000000000e+04
4.120900000000000000e+04
4.161600000000000000e+04
4.202500000000000000e+04
4.243600000000000000e+04
4.284900000000000000e+04
4.326400000000000000e+04
4.368100000000000000e+04
4.410000000000000000e+04
4.452100000000000000e+04
4.494400000000000000e+04
4.536900000000000000e+04
4.579600000000000000e+04
4.622500000000000000e+04
4.665600000000000000e+04
4.708900000000000000e+04
4.752400000000000000e+04
4.796100000000000000e+04
4.840000000000000000e+04
4.884100000000000000e+04
4.928400000000000000e+04
4.972900000000000000e+04
5.017600000000000000e+04
5.062500000000000000e+04
5.107600000000000000e+04
5.152900000000000000e+04
5.198400000000000000e+04
5.244100000000000000e+04
5.290000000000000000e+04
5.336100000000000000e+04
5.382400000000000000e+04
5.428900000000000000e+04
5.475600000000000000e+04
5.522500000000000000e+04
5.569600000000000000e+04
5.616900000000000000e+04
5.664400000000000000e+04
5.712100000000000000e+04
5.760000000000000000e+04
5.808100000000000000e+04
5.856400000000000000e+04
5.904900000000000000e+04
5.953600000000000000e+04
6.002500000000000000e+04
6.051600000000000000e+04
6.100900000000000000e+04
6.150400000000000000e+04
6.200100000000000000e+04
6.250000000000000000e+04
6.300100000000000000e+04
6.350400000000000000e+04
6.400900000000000000e+04
6.451600000000000000e+04
6.502500000000000000e+04
6.553600000000000000e+04
6.604900000000000000e+04
6.656400000000000000e+04
6.708100000000000000e+04
6.760000000000000000e+04
6.812100000000000000e+04
6.864400000000000000e+04
6.916900000000000000e+04
6.969600000000000000e+04
7.022500000000000000e+04
7.075600000000000000e+04
7.128900000000000000e+04
7.182400000000000000e+04
7.236100000000000000e+04
7.290000000000000000e+04
7.344100000000000000e+04
7.398400000000000000e+04
7.452900000000000000e+04
7.507600000000000000e+04
7.562500000000000000e+04
7.617600000000000000e+04
7.672900000000000000e+04
7.728400000000000000e+04
7.784100000000000000e+04
7.840000000000000000e+04
7.896100000000000000e+04
7.952400000000000000e+04
8.008900000000000000e+04
8.065600000000000000e+04
8.122500000000000000e+04
8.179600000000000000e+04
8.236900000000000000e+04
8.294400000000000000e+04
8.352100000000000000e+04
8.410000000000000000e+04
8.468100000000000000e+04
8.526400000000000000e+04
8.584900000000000000e+04
8.643600000000000000e+04
8.702500000000000000e+04
8.761600000000000000e+04
8.820900000000000000e+04
8.880400000000000000e+04
8.940100000000000000e+04
9.000000000000000000e+04
9.060100000000000000e+04
9.120400000000000000e+04
9.180900000000000000e+04
9.241600000000000000e+04
9.302500000000000000e+04
9.363600000000000000e+04
9.424900000000000000e+04
9.486400000000000000e+04
9.548100000000000000e+04
9.610000000000000000e+04
9.672100000000000000e+04
9.734400000000000000e+04
9.796900000000000000e+04
9.859600000000000000e+04
9.922500000000000000e+04
9.985600000000000000e+04
1.004890000000000000e+05
1.011240000000000000e+05
1.017610000000000000e+05
1.024000000000000000e+05
1.030410000000000000e+05
1.036840000000000000e+05
1.043290000000000000e+05
1.049760000000000000e+05
1.056250000000000000e+05
1.062760000000000000e+05
1.069290000000000000e+05
1.075840000000000000e+05
1.082410000000000000e+05
1.089000000000000000e+05
1.095610000000000000e+05
1.102240000000000000e+05
1.108890000000000000e+05
1.115560000000000000e+05
1.122250000000000000e+05
1.128960000000000000e+05
1.135690000000000000e+05
1.142440000000000000e+05
1.149210000000000000e+05
1.156000000000000000e+05
1.162810000000000000e+05
1.169640000000000000e+05
1.176490000000000000e+05
1.183360000000000000e+05
1.190250000000000000e+05
1.197160000000000000e+05
1.204090000000000000e+05
1.211040000000000000e+05
1.218010000000000000e+05
1.225000000000000000e+05
1.232010000000000000e+05
1.239040000000000000e+05
1.246090000000000000e+05
1.253160000000000000e+05
1.260250000000000000e+05
1.267360000000000000e+05
1.274490000000000000e+05
1.281640000000000000e+05
1.288810000000000000e+05
1.296000000000000000e+05
1.303210000000000000e+05
1.310440000000000000e+05
1.317690000000000000e+05
1.324960000000000000e+05
1.332250000000000000e+05
1.339560000000000000e+05
1.346890000000000000e+05
1.354240000000000000e+05
1.361610000000000000e+05
1.369000000000000000e+05
1.376410000000000000e+05
1.383840000000000000e+05
1.391290000000000000e+05
1.398760000000000000e+05
1.406250000000000000e+05
1.413760000000000000e+05
1.421290000000000000e+05
1.428840000000000000e+05
1.436410000000000000e+05
1.444000000000000000e+05
1.451610000000000000e+05
1.459240000000000000e+05
1.466890000000000000e+05
1.474560000000000000e+05
1.482250000000000000e+05
1.489960000000000000e+05
1.497690000000000000e+05
1.505440000000000000e+05
1.513210000000000000e+05
1.521000000000000000e+05
1.528810000000000000e+05
1.536640000000000000e+05
1.544490000000000000e+05
1.552360000000000000e+05
1.560250000000000000e+05
1.568160000000000000e+05
1.576090000000000000e+05
1.584040000000000000e+05
1.592010000000000000e+05
1.600000000000000000e+05
1.608010000000000000e+05
1.616040000000000000e+05
1.624090000000000000e+05
1.632160000000000000e+05
1.640250000000000000e+05
1.648360000000000000e+05
1.656490000000000000e+05
1.664640000000000000e+05
1.672810000000000000e+05
1.681000000000000000e+05
1.689210000000000000e+05
1.697440000000000000e+05
1.705690000000000000e+05
1.713960000000000000e+05
1.722250000000000000e+05
1.730560000000000000e+05
1.738890000000000000e+05
1.747240000000000000e+05
1.755610000000000000e+05
1.764000000000000000e+05
1.772410000000000000e+05
1.780840000000000000e+05
1.789290000000000000e+05
1.797760000000000000e+05
1.806250000000000000e+05
1.814760000000000000e+05
1.823290000000000000e+05
1.831840000000000000e+05
1.840410000000000000e+05
1.849000000000000000e+05
1.857610000000000000e+05
1.866240000000000000e+05
1.874890000000000000e+05
1.883560000000000000e+05
1.892250000000000000e+05
1.900960000000000000e+05
1.909690000000000000e+05
1.918440000000000000e+05
1.927210000000000000e+05
1.936000000000000000e+05
1.944810000000000000e+05
1.953640000000000000e+05
1.962490000000000000e+05
1.971360000000000000e+05
1.980250000000000000e+05
1.989160000000000000e+05
1.998090000000000000e+05
2.007040000000000000e+05
2.016010000000000000e+05
2.025000000000000000e+05
2.034010000000000000e+05
2.043040000000000000e+05
2.052090000000000000e+05
2.061160000000000000e+05
2.070250000000000000e+05
2.079360000000000000e+05
2.088490000000000000e+05
2.097640000000000000e+05
2.106810000000000000e+05
2.116000000000000000e+05
2.125210000000000000e+05
2.134440000000000000e+05
2.143690000000000000e+05
2.152960000000000000e+05
2.162250000000000000e+05
2.171560000000000000e+05
2.180890000000000000e+05
2.190240000000000000e+05
2.199610000000000000e+05
2.209000000000000000e+05
2.218410000000000000e+05
2.227840000000000000e+05
2.237290000000000000e+05
2.246760000000000000e+05
2.256250000000000000e+05
2.265760000000000000e+05
2.275290000000000000e+05
2.284840000000000000e+05
2.294410000000000000e+05
2.304000000000000000e+05
2.313610000000000000e+05
2.323240000000000000e+05
2.332890000000000000e+05
2.342560000000000000e+05
2.352250000000000000e+05
2.361960000000000000e+05
2.371690000000000000e+05
2.381440000000000000e+05
2.391210000000000000e+05
2.401000000000000000e+05
2.410810000000000000e+05
2.420640000000000000e+05
2.430490000000000000e+05
2.440360000000000000e+05
2.450250000000000000e+05
2.460160000000000000e+05
2.470090000000000000e+05
2.480040000000000000e+05
2.490010000000000000e+05
2.500000000000000000e+05
2.510010000000000000e+05
2.520040000000000000e+05
2.530090000000000000e+05
2.540160000000000000e+05
2.550250000000000000e+05
2.560360000000000000e+05
2.570490000000000000e+05
2.580640000000000000e+05
2.590810000000000000e+05
2.601000000000000000e+05
2.611210000000000000e+05
2.621440000000000000e+05
2.631690000000000000e+05
2.641960000000000000e+05
2.652250000000000000e+05
2.662560000000000000e+05
2.672890000000000000e+05
2.683240000000000000e+05
2.693610000000000000e+05
2.704000000000000000e+05
2.714410000000000000e+05
2.724840000000000000e+05
2.735290000000000000e+05
2.745760000000000000e+05
2.756250000000000000e+05
2.766760000000000000e+05
2.777290000000000000e+05
2.787840000000000000e+05
2.798410000000000000e+05
2.809000000000000000e+05
2.819610000000000000e+05
2.830240000000000000e+05
2.840890000000000000e+05
2.851560000000000000e+05
2.862250000000000000e+05
2.872960000000000000e+05
2.883690000000000000e+05
2.894440000000000000e+05
2.905210000000000000e+05
2.916000000000000000e+05
2.926810000000000000e+05
2.937640000000000000e+05
2.948490000000000000e+05
2.959360000000000000e+05
2.970250000000000000e+05
2.981160000000000000e+05
2.992090000000000000e+05
3.003040000000000000e+05
3.014010000000000000e+05
3.025000000000000000e+05
3.036010000000000000e+05
3.047040000000000000e+05
3.058090000000000000e+05
3.069160000000000000e+05
3.080250000000000000e+05
3.091360000000000000e+05
3.102490000000000000e+05
3.113640000000000000e+05
3.124810000000000000e+05
3.136000000000000000e+05
3.147210000000000000e+05
3.158440000000000000e+05
3.169690000000000000e+05
3.180960000000000000e+05
3.192250000000000000e+05
3.203560000000000000e+05
3.214890000000000000e+05
3.226240000000000000e+05
3.237610000000000000e+05
3.249000000000000000e+05
3.260410000000000000e+05
3.271840000000000000e+05
3.283290000000000000e+05
3.294760000000000000e+05
3.306250000000000000e+05
3.317760000000000000e+05
3.329290000000000000e+05
3.340840000000000000e+05
3.352410000000000000e+05
3.364000000000000000e+05
3.375610000000000000e+05
3.387240000000000000e+05
3.398890000000000000e+05
3.410560000000000000e+05
3.422250000000000000e+05
3.433960000000000000e+05
3.445690000000000000e+05
3.457440000000000000e+05
3.469210000000000000e+05
3.481000000000000000e+05
3.492810000000000000e+05
3.504640000000000000e+05
3.516490000000000000e+05
3.528360000000000000e+05
3.540250000000000000e+05
3.552160000000000000e+05
3.564090000000000000e+05
3.576040000000000000e+05
3.588010000000000000e+05
3.600000000000000000e+05
3.612010000000000000e+05
3.624040000000000000e+05
3.636090000000000000e+05
3.648160000000000000e+05
3.660250000000000000e+05
3.672360000000000000e+05
3.684490000000000000e+05
3.696640000000000000e+05
3.708810000000000000e+05
3.721000000000000000e+05
3.733210000000000000e+05
3.745440000000000000e+05
3.757690000000000000e+05
3.769960000000000000e+05
3.782250000000000000e+05
3.794560000000000000e+05
3.806890000000000000e+05
3.819240000000000000e+05
3.831610000000000000e+05
3.844000000000000000e+05
3.856410000000000000e+05
3.868840000000000000e+05
3.881290000000000000e+05
3.893760000000000000e+05
3.906250000000000000e+05
3.918760000000000000e+05
3.931290000000000000e+05
3.943840000000000000e+05
3.956410000000000000e+05
3.969000000000000000e+05
3.981610000000000000e+05
3.994240000000000000e+05
4.006890000000000000e+05
4.019560000000000000e+05
4.032250000000000000e+05
4.044960000000000000e+05
4.057690000000000000e+05
4.070440000000000000e+05
4.083210000000000000e+05
4.096000000000000000e+05
4.108810000000000000e+05
4.121640000000000000e+05
4.134490000000000000e+05
4.147360000000000000e+05
4.160250000000000000e+05
4.173160000000000000e+05
4.186090000000000000e+05
4.199040000000000000e+05
4.212010000000000000e+05
4.225000000000000000e+05
4.238010000000000000e+05
4.251040000000000000e+05
4.264090000000000000e+05
4.277160000000000000e+05
4.290250000000000000e+05
4.303360000000000000e+05
4.316490000000000000e+05
4.329640000000000000e+05
4.342810000000000000e+05
4.356000000000000000e+05
4.369210000000000000e+05
4.382440000000000000e+05
4.395690000000000000e+05
4.408960000000000000e+05
4.422250000000000000e+05
4.435560000000000000e+05
4.448890000000000000e+05
4.462240000000000000e+05
4.475610000000000000e+05
4.489000000000000000e+05
4.502410000000000000e+05
4.515840000000000000e+05
4.529290000000000000e+05
4.542760000000000000e+05
4.556250000000000000e+05
4.569760000000000000e+05
4.583290000000000000e+05
4.596840000000000000e+05
4.610410000000000000e+05
4.624000000000000000e+05
4.637610000000000000e+05
4.651240000000000000e+05
4.664890000000000000e+05
4.678560000000000000e+05
4.692250000000000000e+05
4.705960000000000000e+05
4.719690000000000000e+05
4.733440000000000000e+05
4.747210000000000000e+05
4.761000000000000000e+05
4.774810000000000000e+05
4.788640000000000000e+05
4.802490000000000000e+05
4.816360000000000000e+05
4.830250000000000000e+05
4.844160000000000000e+05
4.858090000000000000e+05
4.872040000000000000e+05
4.886010000000000000e+05
4.900000000000000000e+05
4.914010000000000000e+05
4.928040000000000000e+05
4.942090000000000000e+05
4.956160000000000000e+05
4.970250000000000000e+05
4.984360000000000000e+05
4.998490000000000000e+05
5.012640000000000000e+05
5.026810000000000000e+05
5.041000000000000000e+05
5.055210000000000000e+05
5.069440000000000000e+05
5.083690000000000000e+05
5.097960000000000000e+05
5.112250000000000000e+05
5.126560000000000000e+05
5.140890000000000000e+05
5.155240000000000000e+05
5.169610000000000000e+05
5.184000000000000000e+05
5.198410000000000000e+05
5.212840000000000000e+05
5.227290000000000000e+05
5.241760000000000000e+05
5.256250000000000000e+05
5.270760000000000000e+05
5.285290000000000000e+05
5.299840000000000000e+05
5.314410000000000000e+05
5.329000000000000000e+05
5.343610000000000000e+05
5.358240000000000000e+05
5.372890000000000000e+05
5.387560000000000000e+05
5.402250000000000000e+05
5.416960000000000000e+05
5.431690000000000000e+05
5.446440000000000000e+05
5.461210000000000000e+05
5.476000000000000000e+05
5.490810000000000000e+05
5.505640000000000000e+05
5.520490000000000000e+05
5.535360000000000000e+05
5.550250000000000000e+05
5.565160000000000000e+05
5.580090000000000000e+05
5.595040000000000000e+05
5.610010000000000000e+05
5.625000000000000000e+05
5.640010000000000000e+05
5.655040000000000000e+05
5.670090000000000000e+05
5.685160000000000000e+05
5.700250000000000000e+05
5.715360000000000000e+05
5.730490000000000000e+05
5.745640000000000000e+05
5.760810000000000000e+05
5.776000000000000000e+05
5.791210000000000000e+05
5.806440000000000000e+05
5.821690000000000000e+05
5.836960000000000000e+05
5.852250000000000000e+05
5.867560000000000000e+05
5.882890000000000000e+05
5.898240000000000000e+05
5.913610000000000000e+05
5.929000000000000000e+05
5.944410000000000000e+05
5.959840000000000000e+05
5.975290000000000000e+05
5.990760000000000000e+05
6.006250000000000000e+05
6.021760000000000000e+05
6.037290000000000000e+05
6.052840000000000000e+05
6.068410000000000000e+05
6.084000000000000000e+05
6.099610000000000000e+05
6.115240000000000000e+05
6.130890000000000000e+05
6.146560000000000000e+05
6.162250000000000000e+05
6.177960000000000000e+05
6.193690000000000000e+05
6.209440000000000000e+05
6.225210000000000000e+05
6.241000000000000000e+05
6.256810000000000000e+05
6.272640000000000000e+05
6.288490000000000000e+05
6.304360000000000000e+05
6.320250000000000000e+05
6.336160000000000000e+05
6.352090000000000000e+05
6.368040000000000000e+05
6.384010000000000000e+05
6.400000000000000000e+05
6.416010000000000000e+05
6.432040000000000000e+05
6.448090000000000000e+05
6.464160000000000000e+05
6.480250000000000000e+05
6.496360000000000000e+05
6.512490000000000000e+05
6.528640000000000000e+05
6.544810000000000000e+05
6.561000000000000000e+05
6.577210000000000000e+05
6.593440000000000000e+05
6.609690000000000000e+05
6.625960000000000000e+05
6.642250000000000000e+05
6.658560000000000000e+05
6.674890000000000000e+05
6.691240000000000000e+05
6.707610000000000000e+05
6.724000000000000000e+05
6.740410000000000000e+05
6.756840000000000000e+05
6.773290000000000000e+05
6.789760000000000000e+05
6.806250000000000000e+05
6.822760000000000000e+05
6.839290000000000000e+05
6.855840000000000000e+05
6.872410000000000000e+05
6.889000000000000000e+05
6.905610000000000000e+05
6.922240000000000000e+05
6.938890000000000000e+05
6.955560000000000000e+05
6.972250000000000000e+05
6.988960000000000000e+05
7.005690000000000000e+05
7.022440000000000000e+05
7.039210000000000000e+05
7.056000000000000000e+05
7.072810000000000000e+05
7.089640000000000000e+05
7.106490000000000000e+05
7.123360000000000000e+05
7.140250000000000000e+05
7.157160000000000000e+05
7.174090000000000000e+05
7.191040000000000000e+05
7.208010000000000000e+05
7.225000000000000000e+05
7.242010000000000000e+05
7.259040000000000000e+05
7.276090000000000000e+05
7.293160000000000000e+05
7.310250000000000000e+05
7.327360000000000000e+05
7.344490000000000000e+05
7.361640000000000000e+05
7.378810000000000000e+05
7.396000000000000000e+05
7.413210000000000000e+05
7.430440000000000000e+05
7.447690000000000000e+05
7.464960000000000000e+05
7.482250000000000000e+05
7.499560000000000000e+05
7.516890000000000000e+05
7.534240000000000000e+05
7.551610000000000000e+05
7.569000000000000000e+05
7.586410000000000000e+05
7.603840000000000000e+05
7.621290000000000000e+05
7.638760000000000000e+05
7.656250000000000000e+05
7.673760000000000000e+05
7.691290000000000000e+05
7.708840000000000000e+05
7.726410000000000000e+05
7.744000000000000000e+05
7.761610000000000000e+05
7.779240000000000000e+05
7.796890000000000000e+05
7.814560000000000000e+05
7.832250000000000000e+05
7.849960000000000000e+05
7.867690000000000000e+05
7.885440000000000000e+05
7.903210000000000000e+05
7.921000000000000000e+05
7.938810000000000000e+05
7.956640000000000000e+05
7.974490000000000000e+05
7.992360000000000000e+05
8.010250000000000000e+05
8.028160000000000000e+05
8.046090000000000000e+05
8.064040000000000000e+05
8.082010000000000000e+05
8.100000000000000000e+05
8.118010000000000000e+05
8.136040000000000000e+05
8.154090000000000000e+05
8.172160000000000000e+05
8.190250000000000000e+05
8.208360000000000000e+05
8.226490000000000000e+05
8.244640000000000000e+05
8.262810000000000000e+05
8.281000000000000000e+05
8.299210000000000000e+05
8.317440000000000000e+05
8.335690000000000000e+05
8.353960000000000000e+05
8.372250000000000000e+05
8.390560000000000000e+05
8.408890000000000000e+05
8.427240000000000000e+05
8.445610000000000000e+05
8.464000000000000000e+05
8.482410000000000000e+05
8.500840000000000000e+05
8.519290000000000000e+05
8.537760000000000000e+05
8.556250000000000000e+05
8.574760000000000000e+05
8.593290000000000000e+05
8.611840000000000000e+05
8.630410000000000000e+05
8.649000000000000000e+05
8.667610000000000000e+05
8.686240000000000000e+05
8.704890000000000000e+05
8.723560000000000000e+05
8.742250000000000000e+05
8.760960000000000000e+05
8.779690000000000000e+05
8.798440000000000000e+05
8.817210000000000000e+05
8.836000000000000000e+05
8.854810000000000000e+05
8.873640000000000000e+05
8.892490000000000000e+05
8.911360000000000000e+05
8.930250000000000000e+05
8.949160000000000000e+05
8.968090000000000000e+05
8.987040000000000000e+05
9.006010000000000000e+05
9.025000000000000000e+05
9.044010000000000000e+05
9.063040000000000000e+05
9.082090000000000000e+05
9.101160000000000000e+05
9.120250000000000000e+05
9.139360000000000000e+05
9.158490000000000000e+05
9.177640000000000000e+05
9.196810000000000000e+05
9.216000000000000000e+05
9.235210000000000000e+05
9.254440000000000000e+05
9.273690000000000000e+05
9.292960000000000000e+05
9.312250000000000000e+05
9.331560000000000000e+05
9.350890000000000000e+05
9.370240000000000000e+05
9.389610000000000000e+05
9.409000000000000000e+05
9.428410000000000000e+05
9.447840000000000000e+05
9.467290000000000000e+05
9.486760000000000000e+05
9.506250000000000000e+05
9.525760000000000000e+05
9.545290000000000000e+05
9.564840000000000000e+05
9.584410000000000000e+05
9.604000000000000000e+05
9.623610000000000000e+05
9.643240000000000000e+05
9.662890000000000000e+05
9.682560000000000000e+05
9.702250000000000000e+05
9.721960000000000000e+05
9.741690000000000000e+05
9.761440000000000000e+05
9.781210000000000000e+05
9.801000000000000000e+05
9.820810000000000000e+05
9.840640000000000000e+05
9.860490000000000000e+05
9.880360000000000000e+05
9.900250000000000000e+05
9.920160000000000000e+05
9.940090000000000000e+05
9.960040000000000000e+05
9.980010000000000000e+05
1.000000000000000000e+06
